1.jpg 1 0 0 25 25
10.jpg 1 0 0 25 25
100.jpg 1 0 0 25 25
101.jpg 1 0 0 25 25
102.jpg 1 0 0 25 25
103.jpg 1 0 0 25 25
104.jpg 1 0 0 25 25
105.jpg 1 0 0 25 25
106.jpg 1 0 0 25 25
107.jpg 1 0 0 25 25
108.jpg 1 0 0 25 25
109.jpg 1 0 0 25 25
11.jpg 1 0 0 25 25
110.jpg 1 0 0 25 25
111.jpg 1 0 0 25 25
112.jpg 1 0 0 25 25
113.jpg 1 0 0 25 25
114.jpg 1 0 0 25 25
115.jpg 1 0 0 25 25
116.jpg 1 0 0 25 25
117.jpg 1 0 0 25 25
118.jpg 1 0 0 25 25
119.jpg 1 0 0 25 25
12.jpg 1 0 0 25 25
120.jpg 1 0 0 25 25
121.jpg 1 0 0 25 25
122.jpg 1 0 0 25 25
123.jpg 1 0 0 25 25
124.jpg 1 0 0 25 25
125.jpg 1 0 0 25 25
126.jpg 1 0 0 25 25
127.jpg 1 0 0 25 25
128.jpg 1 0 0 25 25
129.jpg 1 0 0 25 25
13.jpg 1 0 0 25 25
130.jpg 1 0 0 25 25
131.jpg 1 0 0 25 25
132.jpg 1 0 0 25 25
133.jpg 1 0 0 25 25
134.jpg 1 0 0 25 25
135.jpg 1 0 0 25 25
136.jpg 1 0 0 25 25
137.jpg 1 0 0 25 25
138.jpg 1 0 0 25 25
139.jpg 1 0 0 25 25
14.jpg 1 0 0 25 25
140.jpg 1 0 0 25 25
141.jpg 1 0 0 25 25
142.jpg 1 0 0 25 25
143.jpg 1 0 0 25 25
144.jpg 1 0 0 25 25
145.jpg 1 0 0 25 25
146.jpg 1 0 0 25 25
147.jpg 1 0 0 25 25
148.jpg 1 0 0 25 25
149.jpg 1 0 0 25 25
15.jpg 1 0 0 25 25
150.jpg 1 0 0 25 25
151.jpg 1 0 0 25 25
152.jpg 1 0 0 25 25
153.jpg 1 0 0 25 25
154.jpg 1 0 0 25 25
155.jpg 1 0 0 25 25
156.jpg 1 0 0 25 25
157.jpg 1 0 0 25 25
158.jpg 1 0 0 25 25
159.jpg 1 0 0 25 25
16.jpg 1 0 0 25 25
160.jpg 1 0 0 25 25
161.jpg 1 0 0 25 25
162.jpg 1 0 0 25 25
163.jpg 1 0 0 25 25
164.jpg 1 0 0 25 25
165.jpg 1 0 0 25 25
166.jpg 1 0 0 25 25
167.jpg 1 0 0 25 25
168.jpg 1 0 0 25 25
169.jpg 1 0 0 25 25
17.jpg 1 0 0 25 25
170.jpg 1 0 0 25 25
171.jpg 1 0 0 25 25
172.jpg 1 0 0 25 25
173.jpg 1 0 0 25 25
174.jpg 1 0 0 25 25
175.jpg 1 0 0 25 25
176.jpg 1 0 0 25 25
177.jpg 1 0 0 25 25
178.jpg 1 0 0 25 25
179.jpg 1 0 0 25 25
18.jpg 1 0 0 25 25
180.jpg 1 0 0 25 25
181.jpg 1 0 0 25 25
182.jpg 1 0 0 25 25
183.jpg 1 0 0 25 25
184.jpg 1 0 0 25 25
185.jpg 1 0 0 25 25
186.jpg 1 0 0 25 25
187.jpg 1 0 0 25 25
188.jpg 1 0 0 25 25
189.jpg 1 0 0 25 25
19.jpg 1 0 0 25 25
190.jpg 1 0 0 25 25
191.jpg 1 0 0 25 25
192.jpg 1 0 0 25 25
193.jpg 1 0 0 25 25
194.jpg 1 0 0 25 25
195.jpg 1 0 0 25 25
196.jpg 1 0 0 25 25
197.jpg 1 0 0 25 25
198.jpg 1 0 0 25 25
199.jpg 1 0 0 25 25
2.jpg 1 0 0 25 25
20.jpg 1 0 0 25 25
200.jpg 1 0 0 25 25
201.jpg 1 0 0 25 25
202.jpg 1 0 0 25 25
203.jpg 1 0 0 25 25
204.jpg 1 0 0 25 25
205.jpg 1 0 0 25 25
206.jpg 1 0 0 25 25
207.jpg 1 0 0 25 25
208.jpg 1 0 0 25 25
209.jpg 1 0 0 25 25
21.jpg 1 0 0 25 25
210.jpg 1 0 0 25 25
211.jpg 1 0 0 25 25
212.jpg 1 0 0 25 25
213.jpg 1 0 0 25 25
214.jpg 1 0 0 25 25
215.jpg 1 0 0 25 25
216.jpg 1 0 0 25 25
217.jpg 1 0 0 25 25
218.jpg 1 0 0 25 25
219.jpg 1 0 0 25 25
22.jpg 1 0 0 25 25
220.jpg 1 0 0 25 25
221.jpg 1 0 0 25 25
222.jpg 1 0 0 25 25
223.jpg 1 0 0 25 25
224.jpg 1 0 0 25 25
225.jpg 1 0 0 25 25
226.jpg 1 0 0 25 25
227.jpg 1 0 0 25 25
228.jpg 1 0 0 25 25
229.jpg 1 0 0 25 25
23.jpg 1 0 0 25 25
230.jpg 1 0 0 25 25
231.jpg 1 0 0 25 25
232.jpg 1 0 0 25 25
233.jpg 1 0 0 25 25
234.jpg 1 0 0 25 25
235.jpg 1 0 0 25 25
236.jpg 1 0 0 25 25
237.jpg 1 0 0 25 25
238.jpg 1 0 0 25 25
239.jpg 1 0 0 25 25
24.jpg 1 0 0 25 25
240.jpg 1 0 0 25 25
241.jpg 1 0 0 25 25
242.jpg 1 0 0 25 25
243.jpg 1 0 0 25 25
244.jpg 1 0 0 25 25
245.jpg 1 0 0 25 25
246.jpg 1 0 0 25 25
247.jpg 1 0 0 25 25
248.jpg 1 0 0 25 25
249.jpg 1 0 0 25 25
25.jpg 1 0 0 25 25
250.jpg 1 0 0 25 25
251.jpg 1 0 0 25 25
252.jpg 1 0 0 25 25
253.jpg 1 0 0 25 25
254.jpg 1 0 0 25 25
255.jpg 1 0 0 25 25
256.jpg 1 0 0 25 25
257.jpg 1 0 0 25 25
258.jpg 1 0 0 25 25
259.jpg 1 0 0 25 25
26.jpg 1 0 0 25 25
260.jpg 1 0 0 25 25
261.jpg 1 0 0 25 25
262.jpg 1 0 0 25 25
263.jpg 1 0 0 25 25
264.jpg 1 0 0 25 25
265.jpg 1 0 0 25 25
266.jpg 1 0 0 25 25
267.jpg 1 0 0 25 25
268.jpg 1 0 0 25 25
269.jpg 1 0 0 25 25
27.jpg 1 0 0 25 25
270.jpg 1 0 0 25 25
271.jpg 1 0 0 25 25
272.jpg 1 0 0 25 25
273.jpg 1 0 0 25 25
274.jpg 1 0 0 25 25
275.jpg 1 0 0 25 25
276.jpg 1 0 0 25 25
277.jpg 1 0 0 25 25
278.jpg 1 0 0 25 25
279.jpg 1 0 0 25 25
28.jpg 1 0 0 25 25
280.jpg 1 0 0 25 25
281.jpg 1 0 0 25 25
282.jpg 1 0 0 25 25
283.jpg 1 0 0 25 25
284.jpg 1 0 0 25 25
285.jpg 1 0 0 25 25
286.jpg 1 0 0 25 25
287.jpg 1 0 0 25 25
288.jpg 1 0 0 25 25
289.jpg 1 0 0 25 25
29.jpg 1 0 0 25 25
290.jpg 1 0 0 25 25
291.jpg 1 0 0 25 25
292.jpg 1 0 0 25 25
293.jpg 1 0 0 25 25
294.jpg 1 0 0 25 25
295.jpg 1 0 0 25 25
296.jpg 1 0 0 25 25
297.jpg 1 0 0 25 25
298.jpg 1 0 0 25 25
299.jpg 1 0 0 25 25
3.jpg 1 0 0 25 25
30.jpg 1 0 0 25 25
300.jpg 1 0 0 25 25
31.jpg 1 0 0 25 25
32.jpg 1 0 0 25 25
33.jpg 1 0 0 25 25
34.jpg 1 0 0 25 25
35.jpg 1 0 0 25 25
36.jpg 1 0 0 25 25
37.jpg 1 0 0 25 25
38.jpg 1 0 0 25 25
39.jpg 1 0 0 25 25
4.jpg 1 0 0 25 25
40.jpg 1 0 0 25 25
41.jpg 1 0 0 25 25
42.jpg 1 0 0 25 25
43.jpg 1 0 0 25 25
44.jpg 1 0 0 25 25
45.jpg 1 0 0 25 25
46.jpg 1 0 0 25 25
47.jpg 1 0 0 25 25
48.jpg 1 0 0 25 25
49.jpg 1 0 0 25 25
5.jpg 1 0 0 25 25
50.jpg 1 0 0 25 25
51.jpg 1 0 0 25 25
52.jpg 1 0 0 25 25
53.jpg 1 0 0 25 25
54.jpg 1 0 0 25 25
55.jpg 1 0 0 25 25
56.jpg 1 0 0 25 25
57.jpg 1 0 0 25 25
58.jpg 1 0 0 25 25
59.jpg 1 0 0 25 25
6.jpg 1 0 0 25 25
60.jpg 1 0 0 25 25
61.jpg 1 0 0 25 25
62.jpg 1 0 0 25 25
63.jpg 1 0 0 25 25
64.jpg 1 0 0 25 25
65.jpg 1 0 0 25 25
66.jpg 1 0 0 25 25
67.jpg 1 0 0 25 25
68.jpg 1 0 0 25 25
69.jpg 1 0 0 25 25
7.jpg 1 0 0 25 25
70.jpg 1 0 0 25 25
71.jpg 1 0 0 25 25
72.jpg 1 0 0 25 25
73.jpg 1 0 0 25 25
74.jpg 1 0 0 25 25
75.jpg 1 0 0 25 25
76.jpg 1 0 0 25 25
77.jpg 1 0 0 25 25
78.jpg 1 0 0 25 25
79.jpg 1 0 0 25 25
8.jpg 1 0 0 25 25
80.jpg 1 0 0 25 25
81.jpg 1 0 0 25 25
82.jpg 1 0 0 25 25
83.jpg 1 0 0 25 25
84.jpg 1 0 0 25 25
85.jpg 1 0 0 25 25
86.jpg 1 0 0 25 25
87.jpg 1 0 0 25 25
88.jpg 1 0 0 25 25
89.jpg 1 0 0 25 25
9.jpg 1 0 0 25 25
90.jpg 1 0 0 25 25
91.jpg 1 0 0 25 25
92.jpg 1 0 0 25 25
93.jpg 1 0 0 25 25
94.jpg 1 0 0 25 25
95.jpg 1 0 0 25 25
96.jpg 1 0 0 25 25
97.jpg 1 0 0 25 25
98.jpg 1 0 0 25 25
99.jpg 1 0 0 25 25